(kicad_pcb (version 20171130) (host pcbnew "(5.1.5-0-10_14)")

  (general
    (thickness 1.6)
    (drawings 84)
    (tracks 0)
    (zones 0)
    (modules 146)
    (nets 104)
  )

  (page A3)
  (layers
    (0 F.Cu signal)
    (1 In1.Cu power)
    (2 In2.Cu power)
    (31 B.Cu signal)
    (32 B.Adhes user)
    (33 F.Adhes user)
    (34 B.Paste user)
    (35 F.Paste user)
    (36 B.SilkS user)
    (37 F.SilkS user)
    (38 B.Mask user)
    (39 F.Mask user)
    (40 Dwgs.User user hide)
    (41 Cmts.User user hide)
    (42 Eco1.User user hide)
    (43 Eco2.User user hide)
    (44 Edge.Cuts user)
    (45 Margin user)
    (46 B.CrtYd user)
    (47 F.CrtYd user)
    (48 B.Fab user)
    (49 F.Fab user)
  )

  (setup
    (last_trace_width 0.2)
    (trace_clearance 0.2)
    (zone_clearance 0.307299)
    (zone_45_only no)
    (trace_min 0.2)
    (via_size 0.6)
    (via_drill 0.4)
    (via_min_size 0.6)
    (via_min_drill 0.4)
    (uvia_size 0.6)
    (uvia_drill 0.2)
    (uvias_allowed no)
    (uvia_min_size 0.508)
    (uvia_min_drill 0.127)
    (edge_width 0.1)
    (segment_width 0.1)
    (pcb_text_width 0.3)
    (pcb_text_size 1.5 1.5)
    (mod_edge_width 0.15)
    (mod_text_size 1 1)
    (mod_text_width 0.15)
    (pad_size 1 1)
    (pad_drill 0.5)
    (pad_to_mask_clearance 0.2)
    (solder_mask_min_width 0.25)
    (aux_axis_origin 233 139.5)
    (grid_origin 233.011772 139.494689)
    (visible_elements 7FFFFFFF)
    (pcbplotparams
      (layerselection 0x310ff_ffffffff)
      (usegerberextensions false)
      (usegerberattributes false)
      (usegerberadvancedattributes true)
      (creategerberjobfile false)
      (excludeedgelayer true)
      (linewidth 0.100000)
      (plotframeref false)
      (viasonmask false)
      (mode 1)
      (useauxorigin false)
      (hpglpennumber 1)
      (hpglpenspeed 20)
      (hpglpendiameter 15.000000)
      (psnegative false)
      (psa4output false)
      (plotreference true)
      (plotvalue true)
      (plotinvisibletext false)
      (padsonsilk false)
      (subtractmaskfromsilk false)
      (outputformat 1)
      (mirror false)
      (drillshape 0)
      (scaleselection 1)
      (outputdirectory "JLCPCB v2.0/"))
  )

  (net 0 "")
  (net 1 /COL1)
  (net 2 /COL2)
  (net 3 /COL3)
  (net 4 /COL4)
  (net 5 /COL5)
  (net 6 /COL7)
  (net 7 /COL8)
  (net 8 /COL9)
  (net 9 /COL10)
  (net 10 /ROW3)
  (net 11 /ROW2)
  (net 12 /ROW1)
  (net 13 /ROW0)
  (net 14 GND)
  (net 15 /COL6)
  (net 16 /RESET)
  (net 17 +3V3)
  (net 18 /13)
  (net 19 /9)
  (net 20 /8_BLE_CS)
  (net 21 /4_SWDIO/RST)
  (net 22 "Net-(IC1-Pad17)")
  (net 23 "Net-(IC1-Pad16)")
  (net 24 "Net-(IC1-Pad4)")
  (net 25 "Net-(IC1-Pad3)")
  (net 26 /7_BLE_IRQ)
  (net 27 /EN)
  (net 28 /MODE)
  (net 29 /CONNECTED)
  (net 30 /SWCLK)
  (net 31 /FCTRYRST)
  (net 32 /COL11)
  (net 33 /COL0)
  (net 34 "Net-(R9-Pad1)")
  (net 35 MISO)
  (net 36 MOSI)
  (net 37 SCK)
  (net 38 D+)
  (net 39 D-)
  (net 40 "Net-(J1-Pad10)")
  (net 41 "Net-(J1-Pad4)")
  (net 42 "Net-(R8-Pad2)")
  (net 43 RST)
  (net 44 "Net-(C6-Pad1)")
  (net 45 +5V)
  (net 46 +5VRAW)
  (net 47 +3.7VBAT)
  (net 48 /HWB)
  (net 49 /LED_STRIP_IN)
  (net 50 /CHARGE)
  (net 51 "Net-(R3-Pad1)")
  (net 52 "Net-(L2-PadA)")
  (net 53 "Net-(L3-PadA)")
  (net 54 "Net-(L1-PadA)")
  (net 55 "Net-(L4-PadC)")
  (net 56 "Net-(D1-Pad2)")
  (net 57 "Net-(D2-Pad2)")
  (net 58 "Net-(D3-Pad2)")
  (net 59 "Net-(D4-Pad2)")
  (net 60 "Net-(D5-Pad2)")
  (net 61 "Net-(D6-Pad2)")
  (net 62 "Net-(D7-Pad2)")
  (net 63 "Net-(D8-Pad2)")
  (net 64 "Net-(D9-Pad2)")
  (net 65 "Net-(D10-Pad2)")
  (net 66 "Net-(D11-Pad2)")
  (net 67 "Net-(D12-Pad2)")
  (net 68 "Net-(D13-Pad2)")
  (net 69 "Net-(D14-Pad2)")
  (net 70 "Net-(D15-Pad2)")
  (net 71 "Net-(D16-Pad2)")
  (net 72 "Net-(D17-Pad2)")
  (net 73 "Net-(D18-Pad2)")
  (net 74 "Net-(D19-Pad2)")
  (net 75 "Net-(D20-Pad2)")
  (net 76 "Net-(D21-Pad2)")
  (net 77 "Net-(D22-Pad2)")
  (net 78 "Net-(D23-Pad2)")
  (net 79 "Net-(D24-Pad2)")
  (net 80 "Net-(D25-Pad2)")
  (net 81 "Net-(D26-Pad2)")
  (net 82 "Net-(D27-Pad2)")
  (net 83 "Net-(D28-Pad2)")
  (net 84 "Net-(D29-Pad2)")
  (net 85 "Net-(D30-Pad2)")
  (net 86 "Net-(D31-Pad2)")
  (net 87 "Net-(D32-Pad2)")
  (net 88 "Net-(D33-Pad2)")
  (net 89 "Net-(D34-Pad2)")
  (net 90 "Net-(D35-Pad2)")
  (net 91 "Net-(D36-Pad2)")
  (net 92 "Net-(D37-Pad2)")
  (net 93 "Net-(D38-Pad2)")
  (net 94 "Net-(D39-Pad2)")
  (net 95 "Net-(D40-Pad2)")
  (net 96 "Net-(D41-Pad2)")
  (net 97 "Net-(D42-Pad2)")
  (net 98 "Net-(D43-Pad2)")
  (net 99 "Net-(D44-Pad2)")
  (net 100 "Net-(D45-Pad2)")
  (net 101 "Net-(D46-Pad2)")
  (net 102 "Net-(D47-Pad2)")
  (net 103 "Net-(D48-Pad2)")

  (net_class Default "This is the default net class."
    (clearance 0.2)
    (trace_width 0.2)
    (via_dia 0.6)
    (via_drill 0.4)
    (uvia_dia 0.6)
    (uvia_drill 0.2)
    (diff_pair_width 0.25)
    (diff_pair_gap 0.25)
    (add_net /13)
    (add_net /4_SWDIO/RST)
    (add_net /7_BLE_IRQ)
    (add_net /8_BLE_CS)
    (add_net /9)
    (add_net /CHARGE)
    (add_net /COL0)
    (add_net /COL1)
    (add_net /COL10)
    (add_net /COL11)
    (add_net /COL2)
    (add_net /COL3)
    (add_net /COL4)
    (add_net /COL5)
    (add_net /COL6)
    (add_net /COL7)
    (add_net /COL8)
    (add_net /COL9)
    (add_net /CONNECTED)
    (add_net /EN)
    (add_net /FCTRYRST)
    (add_net /HWB)
    (add_net /LED_STRIP_IN)
    (add_net /MODE)
    (add_net /RESET)
    (add_net /ROW0)
    (add_net /ROW1)
    (add_net /ROW2)
    (add_net /ROW3)
    (add_net /SWCLK)
    (add_net DCC)
    (add_net DEC2)
    (add_net DFU)
    (add_net MISO)
    (add_net MOSI)
    (add_net "Net-(C6-Pad1)")
    (add_net "Net-(D1-Pad2)")
    (add_net "Net-(D10-Pad2)")
    (add_net "Net-(D11-Pad2)")
    (add_net "Net-(D12-Pad2)")
    (add_net "Net-(D13-Pad2)")
    (add_net "Net-(D14-Pad2)")
    (add_net "Net-(D15-Pad2)")
    (add_net "Net-(D16-Pad2)")
    (add_net "Net-(D17-Pad2)")
    (add_net "Net-(D18-Pad2)")
    (add_net "Net-(D19-Pad2)")
    (add_net "Net-(D2-Pad2)")
    (add_net "Net-(D20-Pad2)")
    (add_net "Net-(D21-Pad2)")
    (add_net "Net-(D22-Pad2)")
    (add_net "Net-(D23-Pad2)")
    (add_net "Net-(D24-Pad2)")
    (add_net "Net-(D25-Pad2)")
    (add_net "Net-(D26-Pad2)")
    (add_net "Net-(D27-Pad2)")
    (add_net "Net-(D28-Pad2)")
    (add_net "Net-(D29-Pad2)")
    (add_net "Net-(D3-Pad2)")
    (add_net "Net-(D30-Pad2)")
    (add_net "Net-(D31-Pad2)")
    (add_net "Net-(D32-Pad2)")
    (add_net "Net-(D33-Pad2)")
    (add_net "Net-(D34-Pad2)")
    (add_net "Net-(D35-Pad2)")
    (add_net "Net-(D36-Pad2)")
    (add_net "Net-(D37-Pad2)")
    (add_net "Net-(D38-Pad2)")
    (add_net "Net-(D39-Pad2)")
    (add_net "Net-(D4-Pad2)")
    (add_net "Net-(D40-Pad2)")
    (add_net "Net-(D41-Pad2)")
    (add_net "Net-(D42-Pad2)")
    (add_net "Net-(D43-Pad2)")
    (add_net "Net-(D44-Pad2)")
    (add_net "Net-(D45-Pad2)")
    (add_net "Net-(D46-Pad2)")
    (add_net "Net-(D47-Pad2)")
    (add_net "Net-(D48-Pad2)")
    (add_net "Net-(D5-Pad2)")
    (add_net "Net-(D6-Pad2)")
    (add_net "Net-(D7-Pad2)")
    (add_net "Net-(D8-Pad2)")
    (add_net "Net-(D9-Pad2)")
    (add_net "Net-(IC1-Pad16)")
    (add_net "Net-(IC1-Pad17)")
    (add_net "Net-(J1-Pad10)")
    (add_net "Net-(J1-Pad3)")
    (add_net "Net-(J1-Pad4)")
    (add_net "Net-(J1-Pad9)")
    (add_net "Net-(L1-PadA)")
    (add_net "Net-(L2-PadA)")
    (add_net "Net-(L3-PadA)")
    (add_net "Net-(L4-PadC)")
    (add_net "Net-(R3-Pad1)")
    (add_net "Net-(SW_POW_EN1-Pad3)")
    (add_net "Net-(SW_POW_EN2-Pad3)")
    (add_net "Net-(U2-Pad4)")
    (add_net "Net-(U3-Pad10)")
    (add_net "Net-(U3-Pad11)")
    (add_net "Net-(U3-Pad12)")
    (add_net "Net-(U3-Pad17)")
    (add_net "Net-(U3-Pad18)")
    (add_net "Net-(U3-Pad19)")
    (add_net "Net-(U3-Pad20)")
    (add_net "Net-(U3-Pad21)")
    (add_net "Net-(U3-Pad22)")
    (add_net "Net-(U3-Pad23)")
    (add_net "Net-(U3-Pad26)")
    (add_net "Net-(U3-Pad27)")
    (add_net "Net-(U3-Pad28)")
    (add_net "Net-(U3-Pad29)")
    (add_net "Net-(U3-Pad30)")
    (add_net "Net-(U3-Pad31)")
    (add_net "Net-(U3-Pad32)")
    (add_net "Net-(U3-Pad33)")
    (add_net "Net-(U3-Pad37)")
    (add_net "Net-(U3-Pad40)")
    (add_net "Net-(U3-Pad9)")
    (add_net "Net-(U4-PadRXI)")
    (add_net "Net-(U4-PadSWO)")
    (add_net "Net-(U4-PadTXO)")
    (add_net "Net-(U4-PadVREF)")
    (add_net RST)
    (add_net SCK)
  )

  (net_class Ground ""
    (clearance 0.25)
    (trace_width 0.25)
    (via_dia 0.9)
    (via_drill 0.6)
    (uvia_dia 0.6)
    (uvia_drill 0.2)
    (diff_pair_width 0.25)
    (diff_pair_gap 0.25)
    (add_net GND)
  )

  (net_class Power ""
    (clearance 0.25)
    (trace_width 0.25)
    (via_dia 0.9)
    (via_drill 0.6)
    (uvia_dia 0.6)
    (uvia_drill 0.2)
    (diff_pair_width 0.25)
    (diff_pair_gap 0.25)
    (add_net +3.7VBAT)
    (add_net +3V3)
    (add_net +5V)
    (add_net +5VRAW)
  )

  (net_class USB ""
    (clearance 0.2)
    (trace_width 0.2)
    (via_dia 0.6)
    (via_drill 0.4)
    (uvia_dia 0.6)
    (uvia_drill 0.2)
    (diff_pair_width 0.25)
    (diff_pair_gap 0.25)
    (add_net D+)
    (add_net D-)
    (add_net "Net-(IC1-Pad3)")
    (add_net "Net-(IC1-Pad4)")
    (add_net "Net-(R8-Pad2)")
    (add_net "Net-(R9-Pad1)")
  )

  (module "Shapeshifter 4060 Footprints:R_0603_1608Metric" (layer B.Cu) (tedit 5E52B1C8) (tstamp 5D2A3E68)
    (at 219.511772 158.494689 270)
    (descr "Resistor SMD 0603 (1608 Metric), square (rectangular) end terminal, IPC_7351 nominal, (Body size source: http://www.tortai-tech.com/upload/download/2011102023233369053.pdf), generated with kicad-footprint-generator")
    (tags resistor)
    (path /CBA9FA4B)
    (attr smd)
    (fp_text reference R7 (at 0 -0.025 270) (layer B.Fab)
      (effects (font (size 0.5 0.5) (thickness 0.1)) (justify mirror))
    )
    (fp_text value 2.2K (at -1.525 0 270) (layer B.SilkS)
      (effects (font (size 0.85 0.85) (thickness 0.125)) (justify right mirror))
    )
    (fp_line (start -0.8 -0.4) (end -0.8 0.4) (layer B.Fab) (width 0.1))
    (fp_line (start -0.8 0.4) (end 0.8 0.4) (layer B.Fab) (width 0.1))
    (fp_line (start 0.8 0.4) (end 0.8 -0.4) (layer B.Fab) (width 0.1))
    (fp_line (start 0.8 -0.4) (end -0.8 -0.4) (layer B.Fab) (width 0.1))
    (fp_line (start -0.162779 0.51) (end 0.162779 0.51) (layer B.SilkS) (width 0.12))
    (fp_line (start -0.162779 -0.51) (end 0.162779 -0.51) (layer B.SilkS) (width 0.12))
    (fp_line (start -1.48 -0.73) (end -1.48 0.73) (layer B.CrtYd) (width 0.05))
    (fp_line (start -1.48 0.73) (end 1.48 0.73) (layer B.CrtYd) (width 0.05))
    (fp_line (start 1.48 0.73) (end 1.48 -0.73) (layer B.CrtYd) (width 0.05))
    (fp_line (start 1.48 -0.73) (end -1.48 -0.73) (layer B.CrtYd) (width 0.05))
    (pad 1 smd roundrect (at -0.7875 0 270) (size 0.875 0.95) (layers B.Cu B.Paste B.Mask) (roundrect_rratio 0.25)
      (net 53 "Net-(L3-PadA)"))
    (pad 2 smd roundrect (at 0.7875 0 270) (size 0.875 0.95) (layers B.Cu B.Paste B.Mask) (roundrect_rratio 0.25)
      (net 29 /CONNECTED))
    (model ${KISYS3DMOD}/Resistor_SMD.3dshapes/R_0603_1608Metric.wrl
      (at (xyz 0 0 0))
      (scale (xyz 1 1 1))
      (rotate (xyz 0 0 0))
    )
  )

  (module "Shapeshifter 4060 Footprints:R_0603_1608Metric" (layer B.Cu) (tedit 5E52B1C8) (tstamp 5D35B79C)
    (at 246.511772 158.494689 270)
    (descr "Resistor SMD 0603 (1608 Metric), square (rectangular) end terminal, IPC_7351 nominal, (Body size source: http://www.tortai-tech.com/upload/download/2011102023233369053.pdf), generated with kicad-footprint-generator")
    (tags resistor)
    (path /6415016D)
    (attr smd)
    (fp_text reference R13 (at 0 -0.025 270) (layer B.Fab)
      (effects (font (size 0.5 0.5) (thickness 0.1)) (justify mirror))
    )
    (fp_text value 2.2K (at -1.525 0 270) (layer B.SilkS)
      (effects (font (size 0.85 0.85) (thickness 0.125)) (justify right mirror))
    )
    (fp_line (start -0.8 -0.4) (end -0.8 0.4) (layer B.Fab) (width 0.1))
    (fp_line (start -0.8 0.4) (end 0.8 0.4) (layer B.Fab) (width 0.1))
    (fp_line (start 0.8 0.4) (end 0.8 -0.4) (layer B.Fab) (width 0.1))
    (fp_line (start 0.8 -0.4) (end -0.8 -0.4) (layer B.Fab) (width 0.1))
    (fp_line (start -0.162779 0.51) (end 0.162779 0.51) (layer B.SilkS) (width 0.12))
    (fp_line (start -0.162779 -0.51) (end 0.162779 -0.51) (layer B.SilkS) (width 0.12))
    (fp_line (start -1.48 -0.73) (end -1.48 0.73) (layer B.CrtYd) (width 0.05))
    (fp_line (start -1.48 0.73) (end 1.48 0.73) (layer B.CrtYd) (width 0.05))
    (fp_line (start 1.48 0.73) (end 1.48 -0.73) (layer B.CrtYd) (width 0.05))
    (fp_line (start 1.48 -0.73) (end -1.48 -0.73) (layer B.CrtYd) (width 0.05))
    (pad 1 smd roundrect (at -0.7875 0 270) (size 0.875 0.95) (layers B.Cu B.Paste B.Mask) (roundrect_rratio 0.25)
      (net 54 "Net-(L1-PadA)"))
    (pad 2 smd roundrect (at 0.7875 0 270) (size 0.875 0.95) (layers B.Cu B.Paste B.Mask) (roundrect_rratio 0.25)
      (net 18 /13))
    (model ${KISYS3DMOD}/Resistor_SMD.3dshapes/R_0603_1608Metric.wrl
      (at (xyz 0 0 0))
      (scale (xyz 1 1 1))
      (rotate (xyz 0 0 0))
    )
  )

  (module "Shapeshifter 4060 Footprints:R_0603_1608Metric" (layer F.Cu) (tedit 5E52B1C8) (tstamp 5D5424CF)
    (at 372.511772 75.744689 180)
    (descr "Resistor SMD 0603 (1608 Metric), square (rectangular) end terminal, IPC_7351 nominal, (Body size source: http://www.tortai-tech.com/upload/download/2011102023233369053.pdf), generated with kicad-footprint-generator")
    (tags resistor)
    (path /5C314296)
    (attr smd)
    (fp_text reference R12 (at 0 0.025 180) (layer F.Fab)
      (effects (font (size 0.5 0.5) (thickness 0.1)))
    )
    (fp_text value 5.1K (at -1.525 0 180) (layer F.SilkS)
      (effects (font (size 0.85 0.85) (thickness 0.125)) (justify left))
    )
    (fp_line (start -0.8 0.4) (end -0.8 -0.4) (layer F.Fab) (width 0.1))
    (fp_line (start -0.8 -0.4) (end 0.8 -0.4) (layer F.Fab) (width 0.1))
    (fp_line (start 0.8 -0.4) (end 0.8 0.4) (layer F.Fab) (width 0.1))
    (fp_line (start 0.8 0.4) (end -0.8 0.4) (layer F.Fab) (width 0.1))
    (fp_line (start -0.162779 -0.51) (end 0.162779 -0.51) (layer F.SilkS) (width 0.12))
    (fp_line (start -0.162779 0.51) (end 0.162779 0.51) (layer F.SilkS) (width 0.12))
    (fp_line (start -1.48 0.73) (end -1.48 -0.73) (layer F.CrtYd) (width 0.05))
    (fp_line (start -1.48 -0.73) (end 1.48 -0.73) (layer F.CrtYd) (width 0.05))
    (fp_line (start 1.48 -0.73) (end 1.48 0.73) (layer F.CrtYd) (width 0.05))
    (fp_line (start 1.48 0.73) (end -1.48 0.73) (layer F.CrtYd) (width 0.05))
    (pad 1 smd roundrect (at -0.7875 0 180) (size 0.875 0.95) (layers F.Cu F.Paste F.Mask) (roundrect_rratio 0.25)
      (net 14 GND))
    (pad 2 smd roundrect (at 0.7875 0 180) (size 0.875 0.95) (layers F.Cu F.Paste F.Mask) (roundrect_rratio 0.25)
      (net 41 "Net-(J1-Pad4)"))
    (model ${KISYS3DMOD}/Resistor_SMD.3dshapes/R_0603_1608Metric.wrl
      (at (xyz 0 0 0))
      (scale (xyz 1 1 1))
      (rotate (xyz 0 0 0))
    )
  )

  (module "Shapeshifter 4060 Footprints:R_0603_1608Metric" (layer F.Cu) (tedit 5E52B1C8) (tstamp 5D5424DA)
    (at 372.511772 73.244689)
    (descr "Resistor SMD 0603 (1608 Metric), square (rectangular) end terminal, IPC_7351 nominal, (Body size source: http://www.tortai-tech.com/upload/download/2011102023233369053.pdf), generated with kicad-footprint-generator")
    (tags resistor)
    (path /5C31429C)
    (attr smd)
    (fp_text reference R11 (at 0 0.025 -180) (layer F.Fab)
      (effects (font (size 0.5 0.5) (thickness 0.1)))
    )
    (fp_text value 5.1K (at -1.525 0 -180) (layer F.SilkS)
      (effects (font (size 0.85 0.85) (thickness 0.125)) (justify right))
    )
    (fp_line (start -0.8 0.4) (end -0.8 -0.4) (layer F.Fab) (width 0.1))
    (fp_line (start -0.8 -0.4) (end 0.8 -0.4) (layer F.Fab) (width 0.1))
    (fp_line (start 0.8 -0.4) (end 0.8 0.4) (layer F.Fab) (width 0.1))
    (fp_line (start 0.8 0.4) (end -0.8 0.4) (layer F.Fab) (width 0.1))
    (fp_line (start -0.162779 -0.51) (end 0.162779 -0.51) (layer F.SilkS) (width 0.12))
    (fp_line (start -0.162779 0.51) (end 0.162779 0.51) (layer F.SilkS) (width 0.12))
    (fp_line (start -1.48 0.73) (end -1.48 -0.73) (layer F.CrtYd) (width 0.05))
    (fp_line (start -1.48 -0.73) (end 1.48 -0.73) (layer F.CrtYd) (width 0.05))
    (fp_line (start 1.48 -0.73) (end 1.48 0.73) (layer F.CrtYd) (width 0.05))
    (fp_line (start 1.48 0.73) (end -1.48 0.73) (layer F.CrtYd) (width 0.05))
    (pad 1 smd roundrect (at -0.7875 0) (size 0.875 0.95) (layers F.Cu F.Paste F.Mask) (roundrect_rratio 0.25)
      (net 40 "Net-(J1-Pad10)"))
    (pad 2 smd roundrect (at 0.7875 0) (size 0.875 0.95) (layers F.Cu F.Paste F.Mask) (roundrect_rratio 0.25)
      (net 14 GND))
    (model ${KISYS3DMOD}/Resistor_SMD.3dshapes/R_0603_1608Metric.wrl
      (at (xyz 0 0 0))
      (scale (xyz 1 1 1))
      (rotate (xyz 0 0 0))
    )
  )

  (module "Shapeshifter 4060 Footprints:R_0603_1608Metric" (layer F.Cu) (tedit 5E52B1C8) (tstamp 5D2A3E86)
    (at 237.076531 137.312203 90)
    (descr "Resistor SMD 0603 (1608 Metric), square (rectangular) end terminal, IPC_7351 nominal, (Body size source: http://www.tortai-tech.com/upload/download/2011102023233369053.pdf), generated with kicad-footprint-generator")
    (tags resistor)
    (path /5C2AA91A)
    (attr smd)
    (fp_text reference R10 (at 0 0.025 -90) (layer F.Fab)
      (effects (font (size 0.5 0.5) (thickness 0.1)))
    )
    (fp_text value 1K (at -1.525 0 -90) (layer F.SilkS)
      (effects (font (size 0.85 0.85) (thickness 0.125)) (justify right))
    )
    (fp_line (start -0.8 0.4) (end -0.8 -0.4) (layer F.Fab) (width 0.1))
    (fp_line (start -0.8 -0.4) (end 0.8 -0.4) (layer F.Fab) (width 0.1))
    (fp_line (start 0.8 -0.4) (end 0.8 0.4) (layer F.Fab) (width 0.1))
    (fp_line (start 0.8 0.4) (end -0.8 0.4) (layer F.Fab) (width 0.1))
    (fp_line (start -0.162779 -0.51) (end 0.162779 -0.51) (layer F.SilkS) (width 0.12))
    (fp_line (start -0.162779 0.51) (end 0.162779 0.51) (layer F.SilkS) (width 0.12))
    (fp_line (start -1.48 0.73) (end -1.48 -0.73) (layer F.CrtYd) (width 0.05))
    (fp_line (start -1.48 -0.73) (end 1.48 -0.73) (layer F.CrtYd) (width 0.05))
    (fp_line (start 1.48 -0.73) (end 1.48 0.73) (layer F.CrtYd) (width 0.05))
    (fp_line (start 1.48 0.73) (end -1.48 0.73) (layer F.CrtYd) (width 0.05))
    (pad 1 smd roundrect (at -0.7875 0 90) (size 0.875 0.95) (layers F.Cu F.Paste F.Mask) (roundrect_rratio 0.25)
      (net 14 GND))
    (pad 2 smd roundrect (at 0.7875 0 90) (size 0.875 0.95) (layers F.Cu F.Paste F.Mask) (roundrect_rratio 0.25)
      (net 48 /HWB))
    (model ${KISYS3DMOD}/Resistor_SMD.3dshapes/R_0603_1608Metric.wrl
      (at (xyz 0 0 0))
      (scale (xyz 1 1 1))
      (rotate (xyz 0 0 0))
    )
  )

  (module "Shapeshifter 4060 Footprints:R_0603_1608Metric" (layer F.Cu) (tedit 5E52B1C8) (tstamp 5D2A40CF)
    (at 372.511772 80.744689)
    (descr "Resistor SMD 0603 (1608 Metric), square (rectangular) end terminal, IPC_7351 nominal, (Body size source: http://www.tortai-tech.com/upload/download/2011102023233369053.pdf), generated with kicad-footprint-generator")
    (tags resistor)
    (path /5E2BF1FD)
    (attr smd)
    (fp_text reference R9 (at 0 0.025 -180) (layer F.Fab)
      (effects (font (size 0.5 0.5) (thickness 0.1)))
    )
    (fp_text value 22 (at -1.525 0 -180) (layer F.SilkS)
      (effects (font (size 0.85 0.85) (thickness 0.125)) (justify right))
    )
    (fp_line (start -0.8 0.4) (end -0.8 -0.4) (layer F.Fab) (width 0.1))
    (fp_line (start -0.8 -0.4) (end 0.8 -0.4) (layer F.Fab) (width 0.1))
    (fp_line (start 0.8 -0.4) (end 0.8 0.4) (layer F.Fab) (width 0.1))
    (fp_line (start 0.8 0.4) (end -0.8 0.4) (layer F.Fab) (width 0.1))
    (fp_line (start -0.162779 -0.51) (end 0.162779 -0.51) (layer F.SilkS) (width 0.12))
    (fp_line (start -0.162779 0.51) (end 0.162779 0.51) (layer F.SilkS) (width 0.12))
    (fp_line (start -1.48 0.73) (end -1.48 -0.73) (layer F.CrtYd) (width 0.05))
    (fp_line (start -1.48 -0.73) (end 1.48 -0.73) (layer F.CrtYd) (width 0.05))
    (fp_line (start 1.48 -0.73) (end 1.48 0.73) (layer F.CrtYd) (width 0.05))
    (fp_line (start 1.48 0.73) (end -1.48 0.73) (layer F.CrtYd) (width 0.05))
    (pad 1 smd roundrect (at -0.7875 0) (size 0.875 0.95) (layers F.Cu F.Paste F.Mask) (roundrect_rratio 0.25)
      (net 34 "Net-(R9-Pad1)"))
    (pad 2 smd roundrect (at 0.7875 0) (size 0.875 0.95) (layers F.Cu F.Paste F.Mask) (roundrect_rratio 0.25)
      (net 25 "Net-(IC1-Pad3)"))
    (model ${KISYS3DMOD}/Resistor_SMD.3dshapes/R_0603_1608Metric.wrl
      (at (xyz 0 0 0))
      (scale (xyz 1 1 1))
      (rotate (xyz 0 0 0))
    )
  )

  (module "Shapeshifter 4060 Footprints:R_0603_1608Metric" (layer F.Cu) (tedit 5E52B1C8) (tstamp 5D2A40FF)
    (at 372.511772 78.244689 180)
    (descr "Resistor SMD 0603 (1608 Metric), square (rectangular) end terminal, IPC_7351 nominal, (Body size source: http://www.tortai-tech.com/upload/download/2011102023233369053.pdf), generated with kicad-footprint-generator")
    (tags resistor)
    (path /5E2BF1F7)
    (attr smd)
    (fp_text reference R8 (at 0 0.025 180) (layer F.Fab)
      (effects (font (size 0.5 0.5) (thickness 0.1)))
    )
    (fp_text value 22 (at -1.525 0 180) (layer F.SilkS)
      (effects (font (size 0.85 0.85) (thickness 0.125)) (justify left))
    )
    (fp_line (start -0.8 0.4) (end -0.8 -0.4) (layer F.Fab) (width 0.1))
    (fp_line (start -0.8 -0.4) (end 0.8 -0.4) (layer F.Fab) (width 0.1))
    (fp_line (start 0.8 -0.4) (end 0.8 0.4) (layer F.Fab) (width 0.1))
    (fp_line (start 0.8 0.4) (end -0.8 0.4) (layer F.Fab) (width 0.1))
    (fp_line (start -0.162779 -0.51) (end 0.162779 -0.51) (layer F.SilkS) (width 0.12))
    (fp_line (start -0.162779 0.51) (end 0.162779 0.51) (layer F.SilkS) (width 0.12))
    (fp_line (start -1.48 0.73) (end -1.48 -0.73) (layer F.CrtYd) (width 0.05))
    (fp_line (start -1.48 -0.73) (end 1.48 -0.73) (layer F.CrtYd) (width 0.05))
    (fp_line (start 1.48 -0.73) (end 1.48 0.73) (layer F.CrtYd) (width 0.05))
    (fp_line (start 1.48 0.73) (end -1.48 0.73) (layer F.CrtYd) (width 0.05))
    (pad 1 smd roundrect (at -0.7875 0 180) (size 0.875 0.95) (layers F.Cu F.Paste F.Mask) (roundrect_rratio 0.25)
      (net 24 "Net-(IC1-Pad4)"))
    (pad 2 smd roundrect (at 0.7875 0 180) (size 0.875 0.95) (layers F.Cu F.Paste F.Mask) (roundrect_rratio 0.25)
      (net 42 "Net-(R8-Pad2)"))
    (model ${KISYS3DMOD}/Resistor_SMD.3dshapes/R_0603_1608Metric.wrl
      (at (xyz 0 0 0))
      (scale (xyz 1 1 1))
      (rotate (xyz 0 0 0))
    )
  )

  (module "Shapeshifter 4060 Footprints:R_0603_1608Metric" (layer B.Cu) (tedit 5E52B1C8) (tstamp 5D2A3E4A)
    (at 243.511772 158.494689 270)
    (descr "Resistor SMD 0603 (1608 Metric), square (rectangular) end terminal, IPC_7351 nominal, (Body size source: http://www.tortai-tech.com/upload/download/2011102023233369053.pdf), generated with kicad-footprint-generator")
    (tags resistor)
    (path /50F6919A)
    (attr smd)
    (fp_text reference R6 (at 0 -0.025 270) (layer B.Fab)
      (effects (font (size 0.5 0.5) (thickness 0.1)) (justify mirror))
    )
    (fp_text value 2.2K (at -1.525 0 270) (layer B.SilkS)
      (effects (font (size 0.85 0.85) (thickness 0.125)) (justify right mirror))
    )
    (fp_line (start -0.8 -0.4) (end -0.8 0.4) (layer B.Fab) (width 0.1))
    (fp_line (start -0.8 0.4) (end 0.8 0.4) (layer B.Fab) (width 0.1))
    (fp_line (start 0.8 0.4) (end 0.8 -0.4) (layer B.Fab) (width 0.1))
    (fp_line (start 0.8 -0.4) (end -0.8 -0.4) (layer B.Fab) (width 0.1))
    (fp_line (start -0.162779 0.51) (end 0.162779 0.51) (layer B.SilkS) (width 0.12))
    (fp_line (start -0.162779 -0.51) (end 0.162779 -0.51) (layer B.SilkS) (width 0.12))
    (fp_line (start -1.48 -0.73) (end -1.48 0.73) (layer B.CrtYd) (width 0.05))
    (fp_line (start -1.48 0.73) (end 1.48 0.73) (layer B.CrtYd) (width 0.05))
    (fp_line (start 1.48 0.73) (end 1.48 -0.73) (layer B.CrtYd) (width 0.05))
    (fp_line (start 1.48 -0.73) (end -1.48 -0.73) (layer B.CrtYd) (width 0.05))
    (pad 1 smd roundrect (at -0.7875 0 270) (size 0.875 0.95) (layers B.Cu B.Paste B.Mask) (roundrect_rratio 0.25)
      (net 52 "Net-(L2-PadA)"))
    (pad 2 smd roundrect (at 0.7875 0 270) (size 0.875 0.95) (layers B.Cu B.Paste B.Mask) (roundrect_rratio 0.25)
      (net 28 /MODE))
    (model ${KISYS3DMOD}/Resistor_SMD.3dshapes/R_0603_1608Metric.wrl
      (at (xyz 0 0 0))
      (scale (xyz 1 1 1))
      (rotate (xyz 0 0 0))
    )
  )

  (module "Shapeshifter 4060 Footprints:R_0603_1608Metric" (layer F.Cu) (tedit 5E52B1C8) (tstamp 5D2A3E2C)
    (at 253.081592 119.180891 270)
    (descr "Resistor SMD 0603 (1608 Metric), square (rectangular) end terminal, IPC_7351 nominal, (Body size source: http://www.tortai-tech.com/upload/download/2011102023233369053.pdf), generated with kicad-footprint-generator")
    (tags resistor)
    (path /B3CA7E68)
    (attr smd)
    (fp_text reference R5 (at 0 0.025 270) (layer F.Fab)
      (effects (font (size 0.5 0.5) (thickness 0.1)))
    )
    (fp_text value 100K (at -1.525 0 270) (layer F.SilkS)
      (effects (font (size 0.85 0.85) (thickness 0.125)) (justify left))
    )
    (fp_line (start -0.8 0.4) (end -0.8 -0.4) (layer F.Fab) (width 0.1))
    (fp_line (start -0.8 -0.4) (end 0.8 -0.4) (layer F.Fab) (width 0.1))
    (fp_line (start 0.8 -0.4) (end 0.8 0.4) (layer F.Fab) (width 0.1))
    (fp_line (start 0.8 0.4) (end -0.8 0.4) (layer F.Fab) (width 0.1))
    (fp_line (start -0.162779 -0.51) (end 0.162779 -0.51) (layer F.SilkS) (width 0.12))
    (fp_line (start -0.162779 0.51) (end 0.162779 0.51) (layer F.SilkS) (width 0.12))
    (fp_line (start -1.48 0.73) (end -1.48 -0.73) (layer F.CrtYd) (width 0.05))
    (fp_line (start -1.48 -0.73) (end 1.48 -0.73) (layer F.CrtYd) (width 0.05))
    (fp_line (start 1.48 -0.73) (end 1.48 0.73) (layer F.CrtYd) (width 0.05))
    (fp_line (start 1.48 0.73) (end -1.48 0.73) (layer F.CrtYd) (width 0.05))
    (pad 1 smd roundrect (at -0.7875 0 270) (size 0.875 0.95) (layers F.Cu F.Paste F.Mask) (roundrect_rratio 0.25)
      (net 19 /9))
    (pad 2 smd roundrect (at 0.7875 0 270) (size 0.875 0.95) (layers F.Cu F.Paste F.Mask) (roundrect_rratio 0.25)
      (net 14 GND))
    (model ${KISYS3DMOD}/Resistor_SMD.3dshapes/R_0603_1608Metric.wrl
      (at (xyz 0 0 0))
      (scale (xyz 1 1 1))
      (rotate (xyz 0 0 0))
    )
  )

  (module "Shapeshifter 4060 Footprints:R_0603_1608Metric" (layer F.Cu) (tedit 5E52B1C8) (tstamp 5D2A3E0E)
    (at 253.081592 115.53089 270)
    (descr "Resistor SMD 0603 (1608 Metric), square (rectangular) end terminal, IPC_7351 nominal, (Body size source: http://www.tortai-tech.com/upload/download/2011102023233369053.pdf), generated with kicad-footprint-generator")
    (tags resistor)
    (path /B915E54E)
    (attr smd)
    (fp_text reference R4 (at 0 0.025 270) (layer F.Fab)
      (effects (font (size 0.5 0.5) (thickness 0.1)))
    )
    (fp_text value 100K (at -1.525 0 270) (layer F.SilkS)
      (effects (font (size 0.85 0.85) (thickness 0.125)) (justify left))
    )
    (fp_line (start -0.8 0.4) (end -0.8 -0.4) (layer F.Fab) (width 0.1))
    (fp_line (start -0.8 -0.4) (end 0.8 -0.4) (layer F.Fab) (width 0.1))
    (fp_line (start 0.8 -0.4) (end 0.8 0.4) (layer F.Fab) (width 0.1))
    (fp_line (start 0.8 0.4) (end -0.8 0.4) (layer F.Fab) (width 0.1))
    (fp_line (start -0.162779 -0.51) (end 0.162779 -0.51) (layer F.SilkS) (width 0.12))
    (fp_line (start -0.162779 0.51) (end 0.162779 0.51) (layer F.SilkS) (width 0.12))
    (fp_line (start -1.48 0.73) (end -1.48 -0.73) (layer F.CrtYd) (width 0.05))
    (fp_line (start -1.48 -0.73) (end 1.48 -0.73) (layer F.CrtYd) (width 0.05))
    (fp_line (start 1.48 -0.73) (end 1.48 0.73) (layer F.CrtYd) (width 0.05))
    (fp_line (start 1.48 0.73) (end -1.48 0.73) (layer F.CrtYd) (width 0.05))
    (pad 1 smd roundrect (at -0.7875 0 270) (size 0.875 0.95) (layers F.Cu F.Paste F.Mask) (roundrect_rratio 0.25)
      (net 47 +3.7VBAT))
    (pad 2 smd roundrect (at 0.7875 0 270) (size 0.875 0.95) (layers F.Cu F.Paste F.Mask) (roundrect_rratio 0.25)
      (net 19 /9))
    (model ${KISYS3DMOD}/Resistor_SMD.3dshapes/R_0603_1608Metric.wrl
      (at (xyz 0 0 0))
      (scale (xyz 1 1 1))
      (rotate (xyz 0 0 0))
    )
  )

  (module "Shapeshifter 4060 Footprints:R_0603_1608Metric" (layer F.Cu) (tedit 5E52B1C8) (tstamp 5D2A3DF0)
    (at 248.911772 111.444689)
    (descr "Resistor SMD 0603 (1608 Metric), square (rectangular) end terminal, IPC_7351 nominal, (Body size source: http://www.tortai-tech.com/upload/download/2011102023233369053.pdf), generated with kicad-footprint-generator")
    (tags resistor)
    (path /D1C5A87C)
    (attr smd)
    (fp_text reference R3 (at 0 0.025 -180) (layer F.Fab)
      (effects (font (size 0.5 0.5) (thickness 0.1)))
    )
    (fp_text value 10K (at -1.525 0 -180) (layer F.SilkS)
      (effects (font (size 0.85 0.85) (thickness 0.125)) (justify right))
    )
    (fp_line (start -0.8 0.4) (end -0.8 -0.4) (layer F.Fab) (width 0.1))
    (fp_line (start -0.8 -0.4) (end 0.8 -0.4) (layer F.Fab) (width 0.1))
    (fp_line (start 0.8 -0.4) (end 0.8 0.4) (layer F.Fab) (width 0.1))
    (fp_line (start 0.8 0.4) (end -0.8 0.4) (layer F.Fab) (width 0.1))
    (fp_line (start -0.162779 -0.51) (end 0.162779 -0.51) (layer F.SilkS) (width 0.12))
    (fp_line (start -0.162779 0.51) (end 0.162779 0.51) (layer F.SilkS) (width 0.12))
    (fp_line (start -1.48 0.73) (end -1.48 -0.73) (layer F.CrtYd) (width 0.05))
    (fp_line (start -1.48 -0.73) (end 1.48 -0.73) (layer F.CrtYd) (width 0.05))
    (fp_line (start 1.48 -0.73) (end 1.48 0.73) (layer F.CrtYd) (width 0.05))
    (fp_line (start 1.48 0.73) (end -1.48 0.73) (layer F.CrtYd) (width 0.05))
    (pad 1 smd roundrect (at -0.7875 0) (size 0.875 0.95) (layers F.Cu F.Paste F.Mask) (roundrect_rratio 0.25)
      (net 51 "Net-(R3-Pad1)"))
    (pad 2 smd roundrect (at 0.7875 0) (size 0.875 0.95) (layers F.Cu F.Paste F.Mask) (roundrect_rratio 0.25)
      (net 14 GND))
    (model ${KISYS3DMOD}/Resistor_SMD.3dshapes/R_0603_1608Metric.wrl
      (at (xyz 0 0 0))
      (scale (xyz 1 1 1))
      (rotate (xyz 0 0 0))
    )
  )

  (module "Shapeshifter 4060 Footprints:R_0603_1608Metric" (layer F.Cu) (tedit 5E52B1C8) (tstamp 5D2A3DD2)
    (at 367.511772 90.244689)
    (descr "Resistor SMD 0603 (1608 Metric), square (rectangular) end terminal, IPC_7351 nominal, (Body size source: http://www.tortai-tech.com/upload/download/2011102023233369053.pdf), generated with kicad-footprint-generator")
    (tags resistor)
    (path /262CA06F)
    (attr smd)
    (fp_text reference R2 (at 0 0.025 -180) (layer F.Fab)
      (effects (font (size 0.5 0.5) (thickness 0.1)))
    )
    (fp_text value 100K (at -1.525 0 -180) (layer F.SilkS)
      (effects (font (size 0.85 0.85) (thickness 0.125)) (justify right))
    )
    (fp_line (start -0.8 0.4) (end -0.8 -0.4) (layer F.Fab) (width 0.1))
    (fp_line (start -0.8 -0.4) (end 0.8 -0.4) (layer F.Fab) (width 0.1))
    (fp_line (start 0.8 -0.4) (end 0.8 0.4) (layer F.Fab) (width 0.1))
    (fp_line (start 0.8 0.4) (end -0.8 0.4) (layer F.Fab) (width 0.1))
    (fp_line (start -0.162779 -0.51) (end 0.162779 -0.51) (layer F.SilkS) (width 0.12))
    (fp_line (start -0.162779 0.51) (end 0.162779 0.51) (layer F.SilkS) (width 0.12))
    (fp_line (start -1.48 0.73) (end -1.48 -0.73) (layer F.CrtYd) (width 0.05))
    (fp_line (start -1.48 -0.73) (end 1.48 -0.73) (layer F.CrtYd) (width 0.05))
    (fp_line (start 1.48 -0.73) (end 1.48 0.73) (layer F.CrtYd) (width 0.05))
    (fp_line (start 1.48 0.73) (end -1.48 0.73) (layer F.CrtYd) (width 0.05))
    (pad 1 smd roundrect (at -0.7875 0) (size 0.875 0.95) (layers F.Cu F.Paste F.Mask) (roundrect_rratio 0.25)
      (net 45 +5V))
    (pad 2 smd roundrect (at 0.7875 0) (size 0.875 0.95) (layers F.Cu F.Paste F.Mask) (roundrect_rratio 0.25)
      (net 27 /EN))
    (model ${KISYS3DMOD}/Resistor_SMD.3dshapes/R_0603_1608Metric.wrl
      (at (xyz 0 0 0))
      (scale (xyz 1 1 1))
      (rotate (xyz 0 0 0))
    )
  )

  (module "Shapeshifter 4060 Footprints:R_0603_1608Metric" (layer B.Cu) (tedit 5E52B1C8) (tstamp 5D2A3DB4)
    (at 222.511772 158.494689 270)
    (descr "Resistor SMD 0603 (1608 Metric), square (rectangular) end terminal, IPC_7351 nominal, (Body size source: http://www.tortai-tech.com/upload/download/2011102023233369053.pdf), generated with kicad-footprint-generator")
    (tags resistor)
    (path /DE6637A0)
    (attr smd)
    (fp_text reference R1 (at 0 -0.025 270) (layer B.Fab)
      (effects (font (size 0.5 0.5) (thickness 0.1)) (justify mirror))
    )
    (fp_text value 1K (at -1.525 0 270) (layer B.SilkS)
      (effects (font (size 0.85 0.85) (thickness 0.125)) (justify right mirror))
    )
    (fp_line (start -0.8 -0.4) (end -0.8 0.4) (layer B.Fab) (width 0.1))
    (fp_line (start -0.8 0.4) (end 0.8 0.4) (layer B.Fab) (width 0.1))
    (fp_line (start 0.8 0.4) (end 0.8 -0.4) (layer B.Fab) (width 0.1))
    (fp_line (start 0.8 -0.4) (end -0.8 -0.4) (layer B.Fab) (width 0.1))
    (fp_line (start -0.162779 0.51) (end 0.162779 0.51) (layer B.SilkS) (width 0.12))
    (fp_line (start -0.162779 -0.51) (end 0.162779 -0.51) (layer B.SilkS) (width 0.12))
    (fp_line (start -1.48 -0.73) (end -1.48 0.73) (layer B.CrtYd) (width 0.05))
    (fp_line (start -1.48 0.73) (end 1.48 0.73) (layer B.CrtYd) (width 0.05))
    (fp_line (start 1.48 0.73) (end 1.48 -0.73) (layer B.CrtYd) (width 0.05))
    (fp_line (start 1.48 -0.73) (end -1.48 -0.73) (layer B.CrtYd) (width 0.05))
    (pad 1 smd roundrect (at -0.7875 0 270) (size 0.875 0.95) (layers B.Cu B.Paste B.Mask) (roundrect_rratio 0.25)
      (net 50 /CHARGE))
    (pad 2 smd roundrect (at 0.7875 0 270) (size 0.875 0.95) (layers B.Cu B.Paste B.Mask) (roundrect_rratio 0.25)
      (net 45 +5V))
    (model ${KISYS3DMOD}/Resistor_SMD.3dshapes/R_0603_1608Metric.wrl
      (at (xyz 0 0 0))
      (scale (xyz 1 1 1))
      (rotate (xyz 0 0 0))
    )
  )

  (module "Shapeshifter 4060 Footprints:LED_0603_1608Metric_Castellated" (layer B.Cu) (tedit 5E52B163) (tstamp 5D2A6CD6)
    (at 221.011772 158.494689 270)
    (descr "LED SMD 0603 (1608 Metric), castellated end terminal, IPC_7351 nominal, (Body size source: http://www.tortai-tech.com/upload/download/2011102023233369053.pdf), generated with kicad-footprint-generator")
    (tags "LED castellated")
    (path /81959A1F)
    (attr smd)
    (fp_text reference L4 (at 2.5 0 90) (layer B.Fab)
      (effects (font (size 0.85 0.85) (thickness 0.125)) (justify mirror))
    )
    (fp_text value ORANGE (at -1.825 0 90) (layer B.SilkS)
      (effects (font (size 0.85 0.85) (thickness 0.125)) (justify right mirror))
    )
    (fp_line (start 0.8 0.4) (end -0.5 0.4) (layer B.Fab) (width 0.1))
    (fp_line (start -0.5 0.4) (end -0.8 0.1) (layer B.Fab) (width 0.1))
    (fp_line (start -0.8 0.1) (end -0.8 -0.4) (layer B.Fab) (width 0.1))
    (fp_line (start -0.8 -0.4) (end 0.8 -0.4) (layer B.Fab) (width 0.1))
    (fp_line (start 0.8 -0.4) (end 0.8 0.4) (layer B.Fab) (width 0.1))
    (fp_line (start 0.8 0.685) (end -1.685 0.685) (layer B.SilkS) (width 0.12))
    (fp_line (start -1.685 0.685) (end -1.685 -0.685) (layer B.SilkS) (width 0.12))
    (fp_line (start -1.685 -0.685) (end 0.8 -0.685) (layer B.SilkS) (width 0.12))
    (fp_line (start -1.68 -0.68) (end -1.68 0.68) (layer B.CrtYd) (width 0.05))
    (fp_line (start -1.68 0.68) (end 1.68 0.68) (layer B.CrtYd) (width 0.05))
    (fp_line (start 1.68 0.68) (end 1.68 -0.68) (layer B.CrtYd) (width 0.05))
    (fp_line (start 1.68 -0.68) (end -1.68 -0.68) (layer B.CrtYd) (width 0.05))
    (fp_text user %R (at 0 0 90) (layer B.Fab)
      (effects (font (size 0.4 0.4) (thickness 0.06)) (justify mirror))
    )
    (pad A smd roundrect (at -0.8125 0 270) (size 1.225 0.85) (layers B.Cu B.Paste B.Mask) (roundrect_rratio 0.25)
      (net 50 /CHARGE))
    (pad C smd roundrect (at 0.8125 0 270) (size 1.225 0.85) (layers B.Cu B.Paste B.Mask) (roundrect_rratio 0.25)
      (net 55 "Net-(L4-PadC)"))
    (model ${KISYS3DMOD}/LED_SMD.3dshapes/LED_0603_1608Metric_Castellated.wrl
      (at (xyz 0 0 0))
      (scale (xyz 1 1 1))
      (rotate (xyz 0 0 0))
    )
  )

  (module "Shapeshifter 4060 Footprints:LED_0603_1608Metric_Castellated" (layer B.Cu) (tedit 5E52B163) (tstamp 5D2A3BE0)
    (at 218.011772 158.494689 270)
    (descr "LED SMD 0603 (1608 Metric), castellated end terminal, IPC_7351 nominal, (Body size source: http://www.tortai-tech.com/upload/download/2011102023233369053.pdf), generated with kicad-footprint-generator")
    (tags "LED castellated")
    (path /79D2C686)
    (attr smd)
    (fp_text reference L3 (at 2.5 0 90) (layer B.Fab)
      (effects (font (size 0.85 0.85) (thickness 0.125)) (justify mirror))
    )
    (fp_text value BLUE (at -1.825 0 90) (layer B.SilkS)
      (effects (font (size 0.85 0.85) (thickness 0.125)) (justify right mirror))
    )
    (fp_line (start 0.8 0.4) (end -0.5 0.4) (layer B.Fab) (width 0.1))
    (fp_line (start -0.5 0.4) (end -0.8 0.1) (layer B.Fab) (width 0.1))
    (fp_line (start -0.8 0.1) (end -0.8 -0.4) (layer B.Fab) (width 0.1))
    (fp_line (start -0.8 -0.4) (end 0.8 -0.4) (layer B.Fab) (width 0.1))
    (fp_line (start 0.8 -0.4) (end 0.8 0.4) (layer B.Fab) (width 0.1))
    (fp_line (start 0.8 0.685) (end -1.685 0.685) (layer B.SilkS) (width 0.12))
    (fp_line (start -1.685 0.685) (end -1.685 -0.685) (layer B.SilkS) (width 0.12))
    (fp_line (start -1.685 -0.685) (end 0.8 -0.685) (layer B.SilkS) (width 0.12))
    (fp_line (start -1.68 -0.68) (end -1.68 0.68) (layer B.CrtYd) (width 0.05))
    (fp_line (start -1.68 0.68) (end 1.68 0.68) (layer B.CrtYd) (width 0.05))
    (fp_line (start 1.68 0.68) (end 1.68 -0.68) (layer B.CrtYd) (width 0.05))
    (fp_line (start 1.68 -0.68) (end -1.68 -0.68) (layer B.CrtYd) (width 0.05))
    (fp_text user %R (at 0 0 90) (layer B.Fab)
      (effects (font (size 0.4 0.4) (thickness 0.06)) (justify mirror))
    )
    (pad A smd roundrect (at -0.8125 0 270) (size 1.225 0.85) (layers B.Cu B.Paste B.Mask) (roundrect_rratio 0.25)
      (net 53 "Net-(L3-PadA)"))
    (pad C smd roundrect (at 0.8125 0 270) (size 1.225 0.85) (layers B.Cu B.Paste B.Mask) (roundrect_rratio 0.25)
      (net 14 GND))
    (model ${KISYS3DMOD}/LED_SMD.3dshapes/LED_0603_1608Metric_Castellated.wrl
      (at (xyz 0 0 0))
      (scale (xyz 1 1 1))
      (rotate (xyz 0 0 0))
    )
  )

  (module "Shapeshifter 4060 Footprints:LED_0603_1608Metric_Castellated" (layer B.Cu) (tedit 5E52B163) (tstamp 5D2A6D51)
    (at 245.011772 158.494689 270)
    (descr "LED SMD 0603 (1608 Metric), castellated end terminal, IPC_7351 nominal, (Body size source: http://www.tortai-tech.com/upload/download/2011102023233369053.pdf), generated with kicad-footprint-generator")
    (tags "LED castellated")
    (path /3C4DD7E3)
    (attr smd)
    (fp_text reference L2 (at 2.5 0 90) (layer B.Fab)
      (effects (font (size 0.85 0.85) (thickness 0.125)) (justify mirror))
    )
    (fp_text value RED (at -1.825 0 90) (layer B.SilkS)
      (effects (font (size 0.85 0.85) (thickness 0.125)) (justify right mirror))
    )
    (fp_line (start 0.8 0.4) (end -0.5 0.4) (layer B.Fab) (width 0.1))
    (fp_line (start -0.5 0.4) (end -0.8 0.1) (layer B.Fab) (width 0.1))
    (fp_line (start -0.8 0.1) (end -0.8 -0.4) (layer B.Fab) (width 0.1))
    (fp_line (start -0.8 -0.4) (end 0.8 -0.4) (layer B.Fab) (width 0.1))
    (fp_line (start 0.8 -0.4) (end 0.8 0.4) (layer B.Fab) (width 0.1))
    (fp_line (start 0.8 0.685) (end -1.685 0.685) (layer B.SilkS) (width 0.12))
    (fp_line (start -1.685 0.685) (end -1.685 -0.685) (layer B.SilkS) (width 0.12))
    (fp_line (start -1.685 -0.685) (end 0.8 -0.685) (layer B.SilkS) (width 0.12))
    (fp_line (start -1.68 -0.68) (end -1.68 0.68) (layer B.CrtYd) (width 0.05))
    (fp_line (start -1.68 0.68) (end 1.68 0.68) (layer B.CrtYd) (width 0.05))
    (fp_line (start 1.68 0.68) (end 1.68 -0.68) (layer B.CrtYd) (width 0.05))
    (fp_line (start 1.68 -0.68) (end -1.68 -0.68) (layer B.CrtYd) (width 0.05))
    (fp_text user %R (at 0 0 90) (layer B.Fab)
